0.620374788918384 0.608441847769704 0.61586999409685 0.622446948144184 0.616729096574801 0.625630564994911 0.63597339936698 0.640045449229102 0.643142529788074 0.648126690761981 0.647145147027843 0.644089589979427 0.62558876097736 0.618707194934347 0.636865050224217 0.635049291012706 0.637634044037406 0.637829526999319 0.460779151249072 0.407676450660088 0.251684331986482 0.504679450727787 0.527292278151825 0.54822517122047 0.523333486749456 0.548496550766673 0.533706391936506 0.504915520911198 0.520756098342867 0.508962890039501 0.450346443475729 0.398706307223983
0.609421942286247 0.620984744318454 0.630610676842081 0.633744352047999 0.626463001043629 0.630302902360126 0.648048254128747 0.66236940705744 0.643904004140103 0.661811104891362 0.660456083187043 0.646839912347167 0.640729179167562 0.633216131371483 0.639143455461552 0.639657280173041 0.637473662891167 0.636372019661955 0.4612423938322 0.506117826010655 0.25122140339978 0.526717283265416 0.524127997373324 0.532147790573897 0.528506074542621 0.546066950715418 0.505639859395073 0.522754906909594 0.514637526404206 0.516909253339385 0.525773556225228 0.383463755958793
0.626831903629947 0.625747458274293 0.636423210628519 0.637502673379429 0.635506404422724 0.642283392664385 0.659744042974158 0.686058821739294 0.658079135534514 0.675849146033026 0.666469101386684 0.656614810641162 0.641283983197511 0.638689712055298 0.650577984337351 0.639890567582347 0.638459119423958 0.640322233397395 0.63548214604421 0.613085245559748 0.261651521822852 0.521335747445 0.523970773314643 0.528239463698188 0.563171008608689 0.537160482818505 0.520581781875424 0.5082661554108 0.520960179205661 0.516087232727367 0.548113461933777 0.516968789338877
0.634677695752762 0.644556912113 0.636846751271149 0.646963067557947 0.652589940354151 0.663245376715674 0.668698865113525 0.674836121519793 0.662124286805042 0.676431271629393 0.661924839918553 0.65784316108875 0.648052549637376 0.648705886469038 0.644373542797089 0.636946436875989 0.640755805690648 0.652463168043175 0.653076293683255 0.393644554377587 0.260604322588966 0.533590496890517 0.0585163766402211 0.0466740575175897 0.47205346290701 0.512016473714501 0.55026346975009 0.554373523398777 0.525659690933499 0.498812881781446 0.485106582863473 0.505812722850161
0.644537610228099 0.656395616550335 0.65859054929546 0.66129125242345 0.664408000089764 0.662182319229999 0.674757405514876 0.680879163456349 0.681693840646402 0.677971073725338 0.684097811969627 0.679630566410153 0.214786214283636 0.0367163440956706 0.672755223655344 0.653904242727805 0.647999292480618 0.654882504476921 0.673817408770715 0.14142529325145 0.0382529524742781 0.0390304268478932 0.0457085260061564 0.0477212058594371 0.0470023230112553 0.338354415838894 0.130056378715008 0.0759914608485749 0.0804335599481457 0.0919823756995174 0.10722235892026 0.13487589126141
0.651110217804139 0.651867050804379 0.663403344094249 0.67713639960961 0.678183717732759 0.676224499450935 0.687923617032844 0.69239689569353 0.685493708401573 0.69372814798711 0.692277497119688 0.112736076686363 0.0510490024938342 0.0481859207389523 0.033109141508348 0.676812141445771 0.701570479203491 0.0694652210820108 0.0394526299451308 0.0488954011294346 0.0496042604172142 0.0452114815509119 0.0510923085998791 0.0479548683635824 0.0460327261562694 0.0380474541175757 0.232672353835572 0.127915605195405 0.0903892594278091 0.0772798159696981 0.221812243650179 0.109645507080515
0.665997635991671 0.660657892210584 0.681673787139396 0.680137462229882 0.687197064683935 0.692156757282089 0.696467600024035 0.694851936999346 0.681196875982149 0.704100437060028 0.311529116364586 0.0645322761600468 0.0468680960742297 0.0417714283618137 0.0396989198931862 0.0381847220380722 0.0350797211916987 0.0450638721696602 0.0559208176152214 0.0448698853870987 0.0522056945365735 0.0558849245830436 0.0550704905572063 0.0498774179881202 0.0517400178925198 0.0566587907136105 0.042739704889436 0.198895023523604 0.163954321981828 0.168086997035092 0.156692157247663 0.367894398330965
0.658299527331978 0.670204107971117 0.689803586200489 0.679791469238784 0.682413021708733 0.68930881529252 0.714561428094699 0.704856466398515 0.702733386684908 0.685838545810867 0.0566650304945418 0.0683040007608849 0.0492214390797708 0.0563447201400838 0.0465236800065706 0.0360974693270737 0.0336709357161569 0.0479647949876209 0.0629795818775992 0.051022478666381 0.0601684137198252 0.0522999566594108 0.0422792194091546 0.0566585188632282 0.055260662278977 0.0595697443956182 0.0348677916323139 0.0416644746257665 0.348138064461817 0.461510947916083 0.580845278950036 0.513612341479252
0.683429078606122 0.683356924547371 0.702137871871635 0.678999400299127 0.700954700870388 0.701788614511785 0.71648359387663 0.71098398108857 0.228915281725164 0.0670743237585783 0.0628036722865234 0.0597611905087698 0.0514698406595038 0.0447376046221959 0.0646445147168913 0.0438072062450212 0.0433373846724866 0.0372411796224276 0.0540241517711364 0.0367074760659329 0.0485828259282306 0.0534324114456389 0.058205548815036 0.0576082696346769 0.0546460378976981 0.0606719157274875 0.0407405034296539 0.0355520975615373 0.0448167589484797 0.118583074540707 0.243760517546085 0.180989265923096
0.703663447077794 0.685108933767077 0.703471562561453 0.684897435640572 0.692572421525704 0.699366652247466 0.712926940528417 0.711363257841072 0.0709011875437361 0.0627374156991298 0.0477984804810108 0.0468080330068012 0.0465469679366575 0.043012181735993 0.0584681174959579 0.0471731507263769 0.0534840120115289 0.0554625633729415 0.0545513608749695 0.05715979659954 0.0528833530733239 0.0530114609321366 0.0441246770890126 0.0385453254298098 0.0360402123012147 0.0340466094419341 0.032267960533745 0.0361413258716928 0.130401218839513 0.098821543069417 0.134255147915278 0.275330550558562
0.708210243121353 0.696936536969943 0.702642988472934 0.706576335915231 0.699934876808881 0.709495553378075 0.717245674382893 0.710054385240201 0.0700520146765277 0.0615963373291327 0.0560475824700941 0.0499003577942481 0.046569513439989 0.0603165977049747 0.040382317883596 0.135578552356097 0.0405764341358545 0.069280628268481 0.0581709444141553 0.0770258431270709 0.0551582593844586 0.0583421024754762 0.0554984692971511 0.0578729722499509 0.0563305818090408 0.0636311572488811 0.0634889537997375 0.0797572393937142 0.250228431323781 0.479415747882438 0.46057165634855 0.473937188619862
0.710256211474656 0.70894594584654 0.717520450464923 0.7028602124298 0.717202095358986 0.715250054826662 0.725944183877342 0.739224993289818 0.0628464799466471 0.0873214567775615 0.0613757754223837 0.0501886588166134 0.0464556943819604 0.0403165593245894 0.0494800190234182 0.194715624026057 0.0797420783246005 0.0483136876601622 0.0555808276316324 0.0579618491726761 0.0535937116321887 0.0568561203486204 0.0531830149070823 0.0522636388679881 0.1905004481958 0.570188554075527 0.498056267861393 0.375886239968748 0.542113606732657 0.434309412007851 0.431437587738225 0.383666147504454
0.713157888814138 0.717069861162943 0.718012547420698 0.713669691974064 0.725364794089655 0.642607824031077 0.0385165765134437 0.0374013199159176 0.157978481563561 0.43744946755087 0.0903307197617472 0.0357040072787843 0.0385503369486958 0.251009791615036 0.0612532115726334 0.0507551860975472 0.0522742638952972 0.0515818286815062 0.0591176601224786 0.0491389858001152 0.0395467637245866 0.669070859952041 0.517555385620313 0.526265828428235 0.52689315398019 0.580430531529618 0.534580404812875 0.39938908831379 0.487910130423716 0.356555885231891 0.15497983238852 0.417254822530786
0.726272843331168 0.731298190259699 0.738479012841777 0.725273183682733 0.757148669908303 0.0386351748493421 0.0373399548294685 0.627061689840284 0.0860805686309302 0.36493054680893 0.165513024620574 0.086547950662124 0.410957187502896 0.047185813788579 0.0396874172922962 0.0617485945112974 0.0511742307879641 0.0477595891329009 0.565646176059571 0.807125433643603 0.123371013932017 0.854166452352975 0.550285918930673 0.57083627043484 0.381967482747955 0.0663409455497856 0.0415235644167476 0.0972600396928703 0.625764479045921 0.638313452143584 0.408610480190154 0.513327166413919
0.723319591164645 0.722472978725128 0.730200072159672 0.732094439531304 0.756298810073617 0.0436663891031458 0.0464866671084566 0.0523368775780404 0.566865345013825 0.0523626405563796 0.0331932364790902 0.512536078875039 0.0472288464531332 0.0510617014805129 0.0529498244832589 0.0446265848316285 0.322589798729822 0.652689728523356 0.755165919632625 0.827010587394648 0.0789001476396197 0.0397333351070056 0.0833974968600168 0.52586937160528 0.0659249495704237 0.624135028437861 0.552834758437887 0.50656858378023 0.47923145926576 0.507227427762093 0.498634250612751 0.489692942553042
0.734701538809194 0.736127254888611 0.733762616631812 0.738367623543517 0.732596358095197 0.0457394124113502 0.035472312493746 0.335352271546924 0.626623968353554 0.388916750738021 0.731296091425292 0.201961314302728 0.0357684478623142 0.0340660345162414 0.0359862776834773 0.034249443936008 0.0329293563530417 0.169971530602864 0.4042910781749 0.208490858183645 0.186602239189318 0.321723981372927 0.227727343117906 0.577840672970076 0.543476619703521 0.517399652518704 0.485659247799606 0.421518002536648 0.512787600493814 0.453407155982668 0.452314539446401 0.509718449080554
0.726443185517051 0.730931906112432 0.726754619623028 0.725282746954431 0.717071559349704 0.367474380561515 0.0406021945229722 0.377515915360662 0.350849528213538 0.270322687425583 0.181565586111636 0.15441665555999 0.767146115949685 0.0381446169863423 0.0990065366522594 0.192612528776283 0.333992077045827 0.370934528816249 0.398702397229432 0.414386238204354 0.414021390917134 0.233083245877402 0.278105603199872 0.249787257869553 0.202036038022052 0.502852274420787 0.464756537321903 0.358289997077017 0.542873002798945 0.476288890244409 0.515701321240646 0.482145329726639
0.72806733510317 0.73008095732413 0.719846399627339 0.736058097645949 0.715958277161331 0.725120281789417 0.719132018391786 0.39503805677089 0.397823298052065 0.187982655505692 0.267472931205371 0.936111330943664 0.912327623158274 0.0586645986607443 0.29839143608974 0.0441940106707508 0.64769080676871 0.639765959471017 0.61246455061471 0.682327726055486 0.234562425099849 0.214087711255879 0.546200381025794 0.516729913530491 0.542037180135263 0.542473173152969 0.474112259739243 0.561089428106517 0.510478498461057 0.515869397446071 0.452744203173333 0.378877434127233
0.715656922538307 0.716338320406422 0.716460802097976 0.721280107709023 0.706068468540632 0.718968351785098 0.703314215831149 0.598005461042113 0.388282847501148 0.342917403387352 0.222162367500561 0.442956282028051 0.0575686327670653 0.0374015730687799 0.0360945711117882 0.107992092509092 0.0652479013492604 0.625381871096871 0.43059832889909 0.735724972001026 0.434259824996094 0.260777443403732 0.557918364193599 0.511273361359459 0.529793685568732 0.544749831683663 0.535366392084452 0.454853764898859 0.522168210121268 0.502795492610272 0.483812066689969 0.520213671898049
0.704572389463091 0.724844524942995 0.702672393168079 0.711658362851587 0.705573594680682 0.718741756354818 0.69762666204846 0.695431537321172 0.305097746573305 0.503905909341248 0.43686928879301 0.568999589407282 0.667110637188214 0.658847540441715 0.654373877523805 0.654547270679611 0.656822519042457 0.175685257840368 0.0381402414378031 0.608308417772504 0.480148114281905 0.552671589438151 0.555470224605311 0.463416968806341 0.506327090780643 0.492921968566289 0.549338580066505 0.508214600627874 0.492301614724698 0.477201857986441 0.553972927128026 0.541120798765083
0.703520657445494 0.71274634339558 0.695560339455044 0.696695071658033 0.690596430529464 0.695792316590473 0.693447762207319 0.687320454808617 0.683736001488741 0.507074499637431 0.652332842018724 0.6540900983931 0.642161012040168 0.641568959242389 0.641221973224091 0.640640585554491 0.645376449473044 0.774627888193589 0.704060593738223 0.484781714963268 0.0830052777781804 0.273564569125542 0.556374317489052 0.47896657030274 0.520314896657309 0.459236203054432 0.53396267975398 0.570703595888233 0.486967579295864 0.509164210294282 0.469899847615576 0.403544511542034
0.687720721497136 0.697596996197727 0.679719111851239 0.687636534804895 0.690305103510027 0.692194782302248 0.683444370583768 0.682704392479285 0.678366696318326 0.678585845104188 0.660317382632536 0.648245898492712 0.645724464548733 0.648557449048633 0.637658571958874 0.644754728950575 0.640148118867227 0.728878383635434 0.730653760626163 0.581009346675435 0.46032106742029 0.395561701602383 0.122063268572326 0.0689985529344126 0.535576536459292 0.441046879834833 0.525414510296158 0.560005983183831 0.53684411167776 0.493132608169028 0.489430457937895 0.49361222867098
0.675601476212821 0.689842113386893 0.671178340860108 0.67670861700325 0.665056079583174 0.682798139649061 0.673920798650501 0.665015396295817 0.673647993596991 0.67853218281502 0.650490019174263 0.653831288505676 0.650505267416821 0.641813611492525 0.622490097991254 0.631191476960276 0.637085439065429 0.668559246791448 0.776408467118688 0.556465226472323 0.463052276864656 0.572164612179883 0.54994693269137 0.455935851547213 0.135600817847828 0.171816620557363 0.440664968022918 0.560430029742168 0.530534256109895 0.43607389995009 0.480736134628383 0.433759968467582
0.663397761930528 0.665668580925372 0.650354243868637 0.664091888954871 0.675737954022429 0.671299481713765 0.667530305269724 0.655682395813068 0.662291631693197 0.662763688150783 0.642547069627739 0.642444457794099 0.636018772199186 0.6371176428573 0.62133641384144 0.626077727243602 0.634596923663588 0.632304647006546 0.612023967077821 0.540944274732947 0.152727252561372 0.215127625329534 0.581631834926629 0.412798181815229 0.493265098128486 0.517235579773295 0.352004856068436 0.0547203227319462 0.365762557682099 0.421693853978191 0.514928020223143 0.48114610296006
0.65912532771581 0.662650138312475 0.660987173001667 0.666414668130698 0.670569423564495 0.663386460356724 0.656528282628833 0.654329633473784 0.650828578836363 0.654356836179487 0.647632199837613 0.642975234930114 0.641459513345427 0.63955417686404 0.727267005668368 0.739686306031601 0.721544403920869 0.706247858523089 0.70465919765051 0.439273073492603 0.132553638040157 0.305214825238615 0.577512195015763 0.373326270556628 0.536135840963979 0.541077254529871 0.503710274530972 0.523342476540812 0.594207787698378 0.845553715737762 0.257637123341733 0.432024505831087
0.662576836858959 0.654408432437354 0.649828386819378 0.650297625895142 0.659420685227405 0.658739641982603 0.651603567919567 0.64002818305285 0.647868439928592 0.65501224191617 0.629745730268436 0.636369461733005 0.639154819331527 0.631026179779362 0.649295338023434 0.653156493968722 0.671674234755833 0.669331474105086 0.690501508044807 0.575255236841991 0.445576488968602 0.165021262647248 0.578216395847694 0.378395680255349 0.501523486548275 0.474480426146114 0.468572190841446 0.532574367196776 0.515797065461624 0.44210911583072 0.405418808420322 0.773638760166495
0.648377019277629 0.658889709029889 0.650740108577441 0.635104259943655 0.643714231098183 0.645803843547968 0.634841626787739 0.632749263541497 0.631577002737159 0.635809204361411 0.63273532050492 0.627926428312264 0.625763953028077 0.627099669237614 0.619314908556908 0.630856833538949 0.62977833607919 0.619113270286988 0.613232917614137 0.65015405146021 0.755372722548809 0.300632357546481 0.571181547329912 0.378564514845474 0.509645563810134 0.474058418721402 0.412580975928663 0.489144773964532 0.446253153346228 0.465889758774614 0.46356087257961 0.409780338948489
0.635074761462245 0.631899976912196 0.63525040491692 0.627364558749685 0.632462648748017 0.631598543779663 0.621572658484318 0.617392093336002 0.621307116145422 0.613103851099741 0.599532495689927 0.610685471138997 0.618829315737493 0.606502263760768 0.620648299367497 0.623380460550812 0.617142989918177 0.597488071842268 0.576019324751518 0.666552506196502 0.750385031770468 0.426490285100164 0.553711559506401 0.404476481333006 0.482694875206503 0.453240516751869 0.41954968253834 0.481407806158155 0.494674599482236 0.366489329053597 0.529801291425611 0.428247804379035
0.628493578938847 0.629371233231636 0.628091844281008 0.624563770987617 0.624865955810431 0.613700135901034 0.602642108791823 0.60293617544429 0.611690648649827 0.604966616588076 0.595093382197465 0.599495518553186 0.602349340632171 0.596933978538392 0.602419771995727 0.611546770756101 0.597986764171311 0.567423521103739 0.575041139077915 0.655124530556067 0.476327706708887 0.320253693863704 0.53253218332453 0.400185486259635 0.4560266368323 0.476172535002483 0.436785732125437 0.467476174779925 0.463706423441396 0.427702854548709 0.401806404140478 0.425187989614236
0.611667625810611 0.610217943038399 0.605352311220804 0.616659670360036 0.608553434889962 0.587557508639336 0.586891140910724 0.592968597531128 0.588840974078915 0.58923569335156 0.582272853271868 0.584290778688063 0.580640237732485 0.586242348597333 0.58175001748949 0.591644757409437 0.592923999977271 0.590992967364376 0.596580513120034 0.513156452331915 0.390445787573725 0.366093602430589 0.536065035383547 0.436181663383801 0.448117382463071 0.446648199226076 0.474439355807295 0.500554447034062 0.535420836784293 0.40734128748259 0.411944769425321 0.487864791340416
0.606305873746972 0.606195302026233 0.608405777071224 0.604042904247002 0.6114764131983 0.59913807004519 0.581072912279026 0.582693914262943 0.588042057555067 0.576393184039847 0.576034968172093 0.57916642984294 0.573519956528079 0.57955415509911 0.576015761526608 0.578945453559095 0.581536213408396 0.582429478308305 0.578019793933273 0.488081060526771 0.207750705912431 0.0695491307074001 0.536666907948432 0.444228474051568 0.380047928223536 0.403045093793462 0.369569021271131 0.497386661125307 0.498237346733759 0.415020221159874 0.460644200648612 0.391673148419902
0.601312304798221 0.601401157769661 0.594453459845578 0.601522265665942 0.601748283819465 0.585884027440601 0.584000196253461 0.572517556287418 0.578865792090015 0.573430216255872 0.567188926054684 0.565670433762233 0.562019005320636 0.557509649398406 0.568999615432746 0.571168647531958 0.571736673117321 0.568804091200283 0.579130915664629 0.54025345142585 0.277524764356353 0.100448829468235 0.531760524737576 0.374356352347032 0.377825804466022 0.466383808345376 0.381372161985193 0.515028196406897 0.539746377466965 0.518631865963374 0.402256743713258 0.389494815529816
