0.620588235315062 0.605882352964203 0.615686274533237 0.620588235317759 0.615686274533332 0.625490196101949 0.638235294141021 0.641176470611059 0.64411764708006 0.648039215706864 0.646078431392298 0.644117647077788 0.624509803939816 0.617647058841266 0.640196078449673 0.635294117665411 0.637254901979225 0.638235294135986 0.459803921586681 0.406862745115439 0.251960784329665 0.504901960800111 0.52843137256396 0.547058823545986 0.521568627467256 0.550000000016575 0.534313725506933 0.50490196080093 0.520588235311522 0.509803921586601 0.450000000017898 0.399019607861515
0.610784313746756 0.622549019630896 0.630392156886195 0.633333333356999 0.626470588258879 0.629411764729057 0.64901960786586 0.661764705904687 0.643137254923112 0.661764705903012 0.657843137274556 0.645098039233997 0.641176470605971 0.632352941193984 0.640196078448951 0.639215686292816 0.636274509822347 0.637254901978634 0.460784313743267 0.506862745115496 0.251960784329214 0.525490196093942 0.524509803936183 0.532352941192334 0.527450980407994 0.548039215702546 0.505882352957951 0.523529411781345 0.511764705899723 0.517647058841588 0.524509803939825 0.385294117665142
0.627450980413709 0.627450980415289 0.635294117670575 0.636274509827641 0.637254901984422 0.642156862768113 0.657843137277144 0.685294117669015 0.657843137275901 0.676470588255914 0.666666666686196 0.656862745116468 0.640196078448881 0.637254901977842 0.650980392174621 0.639215686292455 0.638235294135731 0.641176470606155 0.636274509821932 0.611764705899271 0.261764705897228 0.522549019622974 0.52450980393625 0.527450980407909 0.563725490211848 0.537254901977232 0.522549019624369 0.507843137271295 0.520588235311172 0.516666666684175 0.548039215703961 0.516666666684461
0.635294117668652 0.645098039238897 0.638235294141198 0.647058823553179 0.652941176494246 0.662745098062031 0.668627451002425 0.674509803943403 0.661764705903292 0.675490196099029 0.661764705901509 0.658823529429583 0.647058823546615 0.650980392173544 0.643137254918854 0.63725490197833 0.640196078449088 0.652941176487965 0.653921568645338 0.394117647075548 0.258823529426778 0.533333333348694 0.0598039215826528 0.0460784313877937 0.471568627466766 0.511764705898588 0.55098039217358 0.553921568643925 0.526470588252731 0.500000000017914 0.486274509821991 0.505882352959346
0.64509803923763 0.655882352964452 0.658823529435408 0.662745098063066 0.664705882376647 0.660784313748224 0.672549019630094 0.681372549041558 0.680392156883227 0.680392156882648 0.685294117665859 0.678431372566884 0.215686274526563 0.0372549019766757 0.670588235310908 0.653921568644594 0.649019607860547 0.655882352958565 0.673529411782565 0.142156862761721 0.039215686289268 0.037254901975754 0.0450980392300965 0.0480392157016726 0.047058823544858 0.337254901977068 0.130392156879019 0.0764705882515392 0.0803921568797475 0.0921568627626544 0.105882352958723 0.135294117665134
0.652941176492827 0.650980392180201 0.664705882376657 0.67843137257293 0.678431372572736 0.675490196101264 0.68921568629682 0.692156862767058 0.684313725510259 0.693137254921629 0.694117647077437 0.111764705899503 0.0519607843303188 0.0480392157021097 0.0333333333492678 0.677450980409456 0.701960784331368 0.0696078431539798 0.0401960784483507 0.0480392157026007 0.0490196078579024 0.0470588235444607 0.0500000000146624 0.0470588235448086 0.0450980392313641 0.0382352941339999 0.235294117663824 0.129411764722425 0.089215686291924 0.0774509804098047 0.221568627468806 0.110784313743334
0.666666666689164 0.661764705905774 0.682352941200282 0.680392156886694 0.68725490198452 0.692156862768086 0.697058823551412 0.694117647080608 0.680392156882217 0.702941176489932 0.311764705900463 0.0627450980563121 0.0431372549185486 0.0421568627607107 0.0392156862906859 0.0372549019774107 0.0352941176639137 0.0450980392322927 0.0549019608010875 0.0450980392314381 0.0529411764852851 0.0558823529564843 0.0539215686426481 0.0509803921723058 0.0519607843295779 0.0578431372716483 0.0421568627615919 0.200000000016325 0.163725490213132 0.166666666684008 0.157843137272167 0.366666666684512
0.659803921591018 0.672549019631327 0.687254901984659 0.680392156886718 0.683333333357085 0.69019607845415 0.714705882375114 0.704901960806413 0.700980392176233 0.68529411766632 0.0558823529587304 0.068627450997299 0.0490196078598667 0.0578431372706058 0.0480392157019234 0.0352941176634356 0.0323529411931584 0.0490196078594631 0.0627450980558431 0.0500000000160687 0.0588235294266469 0.0519607843291233 0.043137254916741 0.0539215686425862 0.0549019608001221 0.0598039215851325 0.0343137255068043 0.040196078447825 0.349019607860985 0.461764705900332 0.581372549037668 0.512745098057566
0.68431372551268 0.683333333356841 0.700980392180791 0.679411764729892 0.70000000002384 0.701960784336285 0.716666666688519 0.710784313747095 0.229411764724995 0.0676470588421186 0.0617647058995771 0.05980392158576 0.0529411764866824 0.0441176470741361 0.0647058823682834 0.0421568627606164 0.043137254917971 0.0372549019773753 0.0539215686443909 0.0372549019772103 0.0480392157009128 0.0549019607991094 0.0588235294264333 0.0578431372703896 0.0558823529566492 0.0598039215848755 0.0411764706044067 0.0362745098200753 0.0421568627621278 0.11764705884101 0.245098039233189 0.180392156881043
0.703921568650015 0.686274509827462 0.703921568651429 0.685294117671114 0.692156862769045 0.699019607865175 0.712745098060847 0.711764705904599 0.0725490196267327 0.0627450980579743 0.0490196078606847 0.0480392157028471 0.0480392157026242 0.0421568627601951 0.0588235294266734 0.0470588235451676 0.0529411764867491 0.0578431372708414 0.0549019608010575 0.0568627451144873 0.0519607843280203 0.0529411764854777 0.0441176470734856 0.0372549019760486 0.0333333333486126 0.0333333333489746 0.0333333333492759 0.0372549019765637 0.131372549036969 0.100000000017613 0.134313725507806 0.274509803939589
0.707843137277573 0.696078431396119 0.703921568651447 0.705882352965297 0.700980392180932 0.709803921590822 0.716666666687596 0.709803921590043 0.0696078431563449 0.0627450980578252 0.0539215686447521 0.0500000000166843 0.0460784313889157 0.0598039215838224 0.0411764706034867 0.136274509819615 0.0411764706043847 0.0676470588398504 0.0598039215854423 0.0754901960943197 0.0558823529548899 0.0588235294262022 0.0549019607990067 0.0568627451133269 0.0568627451129794 0.0627450980552351 0.0637254902120187 0.0794117647215361 0.250000000016872 0.479411764723209 0.45980392158576 0.473529411782597
0.709803921591251 0.708823529435379 0.716666666690702 0.702941176494776 0.716666666690888 0.717647058845499 0.727450980413562 0.736274509826227 0.0617647059017928 0.0872549019798409 0.060784313743227 0.05000000001655 0.0470588235457576 0.0401960784465418 0.0490196078583022 0.195098039231516 0.0813725490356069 0.0480392157021837 0.0549019608011517 0.0578431372709836 0.0539215686410947 0.0578431372695029 0.052941176485184 0.0529411764858394 0.190196078446638 0.569607843153351 0.497058823545477 0.373529411780359 0.542156862762712 0.433333333351072 0.431372549037151 0.385294117665276
0.710784313748205 0.716666666690277 0.719607843161291 0.71666666669092 0.724509803946006 0.641176470610449 0.0382352941386594 0.0372549019822527 0.158823529431392 0.436274509822826 0.0901960784484702 0.0372549019776647 0.0392156862907148 0.25098039217233 0.0617647058975776 0.0509803921725142 0.0519607843297107 0.0509803921734428 0.0578431372719063 0.0490196078598342 0.0372549019746421 0.668627450995335 0.518627450995272 0.527450980407702 0.526470588250308 0.580392156879079 0.534313725506547 0.401960784329794 0.486274509821355 0.35686274511568 0.154901960801647 0.418627450998954
0.727450980415009 0.732352941200133 0.73725490198486 0.725490196102726 0.758823529436424 0.0392156862964982 0.0352941176687298 0.627450980414804 0.0852941176665303 0.364705882372012 0.166666666684555 0.0852941176646937 0.410784313742964 0.0470588235449408 0.0411764706042227 0.061764705898439 0.0509803921735319 0.0460784313889223 0.565686274527154 0.806862745115322 0.122549019621627 0.85490196080004 0.548039215701724 0.571568627466735 0.381372549035168 0.0666666666826762 0.0421568627610137 0.0960784313883863 0.624509803939305 0.63823529413543 0.408823529429089 0.512745098057674
0.723529411787576 0.721568627474615 0.728431372573071 0.730392156887041 0.758823529436512 0.0460784313949992 0.0460784313938031 0.0500000000216306 0.567647058843468 0.051960784332454 0.0333333333510393 0.513725490213978 0.0490196078605668 0.0519607843297073 0.0529411764868312 0.0421568627616525 0.323529411781832 0.652941176488089 0.754901960801826 0.82745098040924 0.0784313725629774 0.038235294132756 0.0833333333487513 0.528431372564799 0.0656862745252325 0.626470588252312 0.553921568644203 0.507843137271148 0.480392156880202 0.507843137272592 0.498039215703556 0.489215686292894
0.733333333356214 0.737254901984431 0.735294117671096 0.738235294141935 0.732352941201203 0.0460784313949382 0.0352941176690771 0.335294117669563 0.62745098041225 0.389215686293667 0.730392156881655 0.200000000018331 0.036274509822131 0.0343137255066323 0.0343137255069266 0.0352941176638559 0.0343137255075122 0.169607843154169 0.403921568644752 0.208823529428886 0.187254901975331 0.322549019623221 0.228431372564501 0.578431372564962 0.545098039231899 0.513725490212995 0.48725490197752 0.421568627467435 0.513725490213941 0.453921568645349 0.450980392174584 0.510784313744235
0.724509803944401 0.729411764729459 0.727450980416126 0.726470588259522 0.717647058848117 0.367647058846173 0.0392156862962086 0.379411764727604 0.350980392177403 0.271568627470124 0.179411764723923 0.15392156864602 0.764705882371107 0.0382352941339893 0.0980392157027525 0.193137254918598 0.333333333350625 0.370588235312381 0.399019607861169 0.414705882370826 0.414705882367797 0.232352941190944 0.277450980407712 0.250000000016015 0.20000000001546 0.502941176487548 0.463725490213045 0.358823529428487 0.541176470606033 0.476470588253267 0.513725490214094 0.480392156881628
0.728431372571879 0.72941176472944 0.719607843161174 0.735294117671239 0.715686274534243 0.726470588257866 0.718627451002592 0.396078431394808 0.396078431393017 0.187254901980394 0.267647058842333 0.935294117666556 0.912745098058616 0.058823529428348 0.298039215703581 0.0450980392326504 0.650000000018166 0.638235294135613 0.612745098057359 0.681372549037877 0.234313725504831 0.215686274524716 0.546078431388561 0.515686274525944 0.542156862761553 0.540196078448121 0.473529411781385 0.561764705899023 0.511764705900267 0.514705882371023 0.45294117648852 0.379411764724562
0.716666666689481 0.716666666690171 0.716666666690532 0.722549019631937 0.70588235296539 0.717647058846077 0.702941176492099 0.598039215707981 0.388235294138519 0.343137254921731 0.221568627469587 0.443137254921024 0.056862745116859 0.036274509820922 0.0352941176642948 0.108823529429127 0.0647058823709178 0.623529411783517 0.430392156881211 0.735294117665252 0.435294117661596 0.261764705897066 0.558823529428251 0.511764705898762 0.529411764722049 0.54509803923289 0.535294117664413 0.454901960801522 0.520588235312213 0.502941176488805 0.484313725507907 0.519607843155863
0.704901960807112 0.725490196101927 0.703921568651251 0.711764705906379 0.705882352965217 0.719607843159557 0.699019607865051 0.69607843139472 0.304901960805191 0.506862745118305 0.437254901980374 0.56764705884315 0.667647058842934 0.658823529429789 0.654901960802419 0.653921568645423 0.656862745116584 0.176470588253496 0.036274509822111 0.608823529430233 0.480392156877833 0.550980392172327 0.556862745114933 0.463725490212707 0.505882352958236 0.493137254919319 0.550000000017334 0.508823529428975 0.492156862763386 0.477450980410486 0.554901960802594 0.54117647060737
0.701960784336523 0.713725490219535 0.695098039239449 0.697058823553341 0.691176470612052 0.695098039238039 0.693137254923935 0.687254901982772 0.684313725511301 0.508823529431794 0.651960784333127 0.652941176490459 0.642156862764363 0.642156862763267 0.641176470606284 0.640196078449621 0.646078431391065 0.772549019627425 0.703921568646968 0.483333333352235 0.0843137255058309 0.273529411780135 0.555882352958465 0.479411764722815 0.519607843154008 0.458823529429362 0.534313725508171 0.57156862746921 0.487254901979571 0.508823529430613 0.470588235312656 0.40392156864654
0.687254901983605 0.697058823552839 0.67843137257272 0.687254901984622 0.691176470611915 0.691176470610933 0.682352941198695 0.682352941198265 0.67745098041281 0.677450980412458 0.659803921588706 0.647058823550128 0.644117647079185 0.648039215705219 0.637254901979769 0.645098039234336 0.641176470607712 0.728431372568682 0.730392156882332 0.583333333352245 0.460784313741668 0.395098039231689 0.123529411782119 0.0686274509971146 0.536274509821943 0.441176470606349 0.526470588253431 0.557843137273234 0.535294117665893 0.494117647077371 0.49019607844984 0.494117647078285
0.675490196101256 0.689215686297911 0.669607843160939 0.676470588259038 0.66568627453337 0.682352941199262 0.673529411786675 0.665686274531507 0.67352941178524 0.677450980412606 0.650000000020264 0.652941176491037 0.650000000020356 0.640196078450548 0.62156862747012 0.632352941195729 0.636274509823483 0.666666666686725 0.776470588255126 0.556862745116751 0.463725490212313 0.570588235310507 0.547058823547586 0.454901960801538 0.137254901978693 0.170588235312323 0.44117647060662 0.560784313744126 0.531372549038768 0.436274509823062 0.480392156880946 0.432352941195664
0.661764705905166 0.666666666690007 0.650000000023617 0.662745098062876 0.675490196101968 0.67352941178746 0.668627451002608 0.655882352962768 0.662745098059651 0.662745098059728 0.642156862765472 0.641176470609031 0.637254901981121 0.635294117666526 0.622549019627181 0.625490196097812 0.634313725510097 0.630392156882512 0.612745098058519 0.541176470607277 0.152941176486993 0.214705882368841 0.58333333335131 0.411764705899466 0.495098039233942 0.519607843155889 0.351960784332042 0.053921568645506 0.366666666685557 0.420588235312801 0.513725490214654 0.480392156882448
0.65980392159141 0.662745098062543 0.65980392159225 0.664705882376531 0.668627451003775 0.662745098061707 0.655882352963257 0.653921568648994 0.6509803921779 0.654901960804884 0.647058823549647 0.644117647079375 0.643137254921528 0.639215686293512 0.728431372568008 0.739215686293705 0.719607843156651 0.705882352961265 0.703921568647373 0.439215686293454 0.132352941192756 0.304901960799949 0.578431372567326 0.373529411782132 0.535294117664772 0.541176470606502 0.50392156864569 0.524509803940246 0.594117647077943 0.848039215705555 0.257843137273255 0.431372549039056
0.663725490218841 0.652941176493878 0.648039215709848 0.650000000023532 0.658823529434988 0.658823529433979 0.650980392178578 0.641176470609792 0.647058823550574 0.654901960805059 0.6313725490397 0.63529411766719 0.639215686294352 0.631372549038596 0.650000000018993 0.654901960803431 0.67156862747038 0.669607843156899 0.690196078451013 0.576470588254013 0.447058823545928 0.163725490211629 0.578431372567055 0.378431372565954 0.501960784331551 0.474509803939639 0.468627450998262 0.533333333351575 0.515686274528713 0.442156862763787 0.405882352959579 0.773529411784861
0.649019607865937 0.657843137278233 0.650000000023597 0.635294117670544 0.643137254925028 0.646078431394619 0.634313725511852 0.632352941198178 0.631372549041047 0.635294117667724 0.631372549039728 0.628431372568846 0.627450980411876 0.625490196097467 0.619607843156359 0.63137254903883 0.629411764725399 0.618627451000078 0.61568627452932 0.648039215704523 0.754901960800472 0.300980392172245 0.571568627468998 0.37941176472277 0.508823529429167 0.474509803939288 0.412745098056762 0.486274509822255 0.448039215705001 0.466666666685517 0.463725490214136 0.409803921588207
0.636274509826773 0.632352941199777 0.635294117670609 0.628431372572467 0.632352941199474 0.632352941198579 0.621568627472833 0.615686274531503 0.620588235315515 0.612745098059776 0.600980392176744 0.609803921588154 0.619607843156334 0.607843137273765 0.620588235313053 0.622549019626896 0.616666666685846 0.599019607862626 0.576470588254395 0.667647058841779 0.750000000016369 0.427450980407186 0.553921568645078 0.404901960800905 0.483333333350467 0.452941176488184 0.41960784315451 0.482352941194249 0.494117647077313 0.365686274528063 0.52941176472438 0.428431372568957
0.628431372571902 0.630392156886106 0.626470588258877 0.622549019631278 0.625490196101523 0.613725490218707 0.602941176493083 0.602941176492438 0.609803921589705 0.606862745118445 0.595098039235332 0.599019607862494 0.602941176489431 0.597058823548097 0.601960784332674 0.612745098058327 0.597058823548356 0.566666666685753 0.575490196097273 0.653921568645326 0.477450980408546 0.319607843152341 0.532352941193906 0.40196078433025 0.457843137271621 0.477450980409439 0.437254901977987 0.466666666684706 0.463725490214528 0.426470588253719 0.400980392175322 0.426470588255153
0.612745098062123 0.610784313748837 0.604901960807866 0.617647058846959 0.607843137278307 0.588235294140889 0.586274509826589 0.592156862766659 0.589215686295272 0.590196078451552 0.58235294119594 0.584313725509363 0.58039215688162 0.584313725508982 0.581372549038703 0.592156862764293 0.593137254921082 0.591176470607086 0.595098039233952 0.513725490213375 0.39117647060434 0.366666666681523 0.53529411766414 0.435294117663317 0.449019607860136 0.446078431390026 0.475490196095731 0.499019607861032 0.535294117665372 0.40784313727295 0.411764705900599 0.488235294138062
0.606862745121007 0.605882352964571 0.606862745121633 0.604901960807762 0.610784313749139 0.597058823553022 0.582352941199521 0.583333333354791 0.587254901981308 0.575490196098586 0.57745098041166 0.579411764724772 0.572549019626373 0.578431372567961 0.576470588254527 0.577450980411412 0.581372549038589 0.581372549038163 0.579411764723489 0.489215686291196 0.206862745113836 0.0686274509953528 0.535294117664004 0.443137254918208 0.379411764723095 0.401960784331032 0.368627450997251 0.497058823547116 0.498039215704353 0.415686274527973 0.461764705900286 0.393137254922334
0.600000000023005 0.60098039218024 0.595098039239266 0.600000000023475 0.601960784337462 0.585294117670635 0.583333333356216 0.573529411785896 0.576470588255641 0.573529411784448 0.566666666685625 0.56666666668534 0.561764705900639 0.55784313727342 0.569607843156097 0.569607843156222 0.571568627469583 0.568627450998593 0.578431372566456 0.540196078448099 0.278431372565107 0.101960784328339 0.531372549036112 0.374509803937763 0.377450980409008 0.466666666684013 0.381372549036576 0.514705882370666 0.540196078449584 0.520588235312237 0.402941176488844 0.389215686295147
